1 2 64.87
1 3 98.88
1 4 87.83
1 5 80.35
1 6 99.49
1 7 18.26
1 8 92.19
1 9 38.64
1 10 42.50
1 11 15.66
2 3 8.85
2 4 74.49
2 5 90.42
2 6 90.45
2 7 10.48
2 8 41.06
2 9 69.86
2 10 73.11
2 11 72.24
3 4 24.01
3 5 65.16
3 6 58.40
3 7 55.23
3 8 38.37
3 9 15.63
3 10 16.30
3 11 26.39
4 5 74.11
4 6 34.40
4 7 28.36
4 8 21.44
4 9 94.27
4 10 27.24
4 11 17.79
5 6 83.14
5 7 35.25
5 8 39.57
5 9 75.33
5 10 68.89
5 11 85.60
6 7 94.52
6 8 81.27
6 9 60.09
6 10 93.46
6 11 71.72
7 8 74.10
7 9 34.52
7 10 41.58
7 11 47.21
8 9 15.28
8 10 69.12
8 11 20.90
9 10 68.69
9 11 32.87
10 11 54.27
#
1 2 79.32
1 3 52.69
1 4 84.19
1 5 61.95
1 6 82.09
1 7 12.55
1 8 86.92
1 9 84.88
1 10 43.31
1 11 13.23
2 3 68.03
2 4 73.57
2 5 47.81
2 6 51.88
2 7 50.98
2 8 33.41
2 9 54.92
2 10 40.77
2 11 97.02
3 4 48.38
3 5 12.50
3 6 71.12
3 7 86.42
3 8 57.60
3 9 26.86
3 10 96.71
3 11 35.24
4 5 51.28
4 6 73.92
4 7 63.11
4 8 14.07
4 9 61.76
4 10 15.80
4 11 93.26
5 6 23.72
5 7 6.41
5 8 5.81
5 9 19.16
5 10 86.30
5 11 52.65
6 7 27.39
6 8 62.85
6 9 34.74
6 10 70.20
6 11 23.25
7 8 80.72
7 9 12.13
7 10 73.18
7 11 21.50
8 9 9.16
8 10 21.56
8 11 37.52
9 10 83.80
9 11 16.51
10 11 98.64
#
1 2 10.66
1 3 21.74
1 4 33.89
1 5 65.46
1 6 90.66
1 7 5.52
1 8 74.54
1 9 60.94
1 10 16.33
1 11 76.32
2 3 88.18
2 4 26.26
2 5 77.14
2 6 7.34
2 7 21.08
2 8 29.79
2 9 29.74
2 10 78.93
2 11 59.53
3 4 8.46
3 5 10.71
3 6 48.77
3 7 15.60
3 8 78.89
3 9 73.79
3 10 19.76
3 11 8.97
4 5 19.83
4 6 98.56
4 7 20.48
4 8 18.48
4 9 17.75
4 10 37.22
4 11 55.89
5 6 78.21
5 7 36.40
5 8 56.41
5 9 61.27
5 10 5.87
5 11 76.26
6 7 37.60
6 8 89.05
6 9 97.53
6 10 23.26
6 11 91.40
7 8 18.61
7 9 56.57
7 10 29.66
7 11 6.07
8 9 24.62
8 10 33.12
8 11 11.78
9 10 68.39
9 11 52.24
10 11 85.67
#
1 2 50.71
1 3 67.00
1 4 98.16
1 5 74.06
1 6 74.09
1 7 18.65
1 8 96.06
1 9 86.84
1 10 59.39
1 11 51.95
2 3 73.57
2 4 99.32
2 5 8.37
2 6 43.37
2 7 5.19
2 8 88.15
2 9 75.97
2 10 89.24
2 11 85.68
3 4 94.23
3 5 89.16
3 6 99.30
3 7 50.80
3 8 18.82
3 9 13.89
3 10 70.42
3 11 55.47
4 5 20.67
4 6 47.33
4 7 7.71
4 8 14.86
4 9 6.56
4 10 69.72
4 11 13.02
5 6 84.15
5 7 52.33
5 8 35.19
5 9 80.21
5 10 47.69
5 11 98.11
6 7 32.17
6 8 21.26
6 9 97.43
6 10 44.06
6 11 59.63
7 8 97.62
7 9 32.21
7 10 44.12
7 11 95.38
8 9 26.42
8 10 46.87
8 11 84.55
9 10 34.24
9 11 6.19
10 11 98.37
#
1 2 43.13
1 3 80.13
1 4 62.36
1 5 67.32
1 6 27.47
1 7 65.08
1 8 85.70
1 9 37.55
1 10 34.80
1 11 7.24
2 3 21.70
2 4 82.13
2 5 37.44
2 6 10.44
2 7 29.82
2 8 35.55
2 9 37.61
2 10 54.60
2 11 41.50
3 4 85.19
3 5 22.76
3 6 47.64
3 7 25.92
3 8 61.88
3 9 43.02
3 10 47.34
3 11 17.28
4 5 36.09
4 6 76.58
4 7 18.47
4 8 42.99
4 9 28.23
4 10 93.61
4 11 5.35
5 6 90.55
5 7 29.60
5 8 65.43
5 9 76.25
5 10 62.15
5 11 8.75
6 7 78.50
6 8 87.38
6 9 85.88
6 10 24.46
6 11 92.82
7 8 24.22
7 9 63.53
7 10 38.95
7 11 82.35
8 9 5.03
8 10 32.66
8 11 13.63
9 10 47.67
9 11 53.58
10 11 79.03
#
1 2 85.69
1 3 9.45
1 4 91.31
1 5 21.79
1 6 81.03
1 7 9.79
1 8 68.30
1 9 17.79
1 10 98.40
1 11 68.65
2 3 8.34
2 4 28.00
2 5 34.09
2 6 88.12
2 7 93.67
2 8 37.84
2 9 75.14
2 10 89.57
2 11 32.25
3 4 94.60
3 5 82.39
3 6 59.99
3 7 58.13
3 8 29.86
3 9 42.34
3 10 58.16
3 11 57.52
4 5 50.97
4 6 14.35
4 7 19.63
4 8 30.01
4 9 8.56
4 10 24.08
4 11 21.32
5 6 33.87
5 7 13.63
5 8 34.63
5 9 97.17
5 10 26.42
5 11 41.55
6 7 65.83
6 8 38.29
6 9 73.07
6 10 94.92
6 11 26.41
7 8 66.75
7 9 41.28
7 10 10.07
7 11 56.32
8 9 68.53
8 10 99.67
8 11 47.24
9 10 28.53
9 11 66.32
10 11 72.10
#
1 2 74.39
1 3 33.00
1 4 38.15
1 5 33.89
1 6 42.35
1 7 52.78
1 8 58.90
1 9 45.91
1 10 80.38
1 11 83.74
2 3 74.79
2 4 89.01
2 5 26.90
2 6 71.96
2 7 23.96
2 8 63.45
2 9 46.31
2 10 57.25
2 11 36.53
3 4 49.75
3 5 87.18
3 6 11.80
3 7 86.04
3 8 92.25
3 9 71.64
3 10 63.09
3 11 5.44
4 5 18.88
4 6 86.62
4 7 66.76
4 8 94.51
4 9 69.54
4 10 8.28
4 11 41.18
5 6 98.43
5 7 54.15
5 8 97.48
5 9 65.85
5 10 95.06
5 11 77.86
6 7 58.11
6 8 78.37
6 9 66.87
6 10 80.01
6 11 58.86
7 8 94.35
7 9 43.47
7 10 5.17
7 11 51.60
8 9 83.52
8 10 58.45
8 11 47.30
9 10 90.32
9 11 44.49
10 11 39.55
#
1 2 61.96
1 3 7.58
1 4 48.51
1 5 84.37
1 6 97.73
1 7 23.79
1 8 87.40
1 9 67.27
1 10 27.07
1 11 37.10
2 3 74.22
2 4 76.22
2 5 34.58
2 6 40.07
2 7 79.81
2 8 12.44
2 9 93.18
2 10 66.70
2 11 82.83
3 4 81.72
3 5 25.56
3 6 77.19
3 7 33.71
3 8 34.26
3 9 37.31
3 10 17.23
3 11 87.71
4 5 79.62
4 6 16.07
4 7 40.72
4 8 27.69
4 9 81.55
4 10 43.30
4 11 71.21
5 6 74.44
5 7 49.55
5 8 90.00
5 9 70.36
5 10 25.34
5 11 25.60
6 7 7.46
6 8 94.56
6 9 96.82
6 10 37.04
6 11 43.15
7 8 85.15
7 9 44.48
7 10 44.86
7 11 51.86
8 9 35.84
8 10 26.58
8 11 72.42
9 10 13.03
9 11 55.29
10 11 15.20
#
1 2 45.34
1 3 76.04
1 4 11.43
1 5 33.48
1 6 95.63
1 7 47.15
1 8 56.18
1 9 77.18
1 10 93.98
1 11 35.91
2 3 60.15
2 4 43.53
2 5 34.43
2 6 30.51
2 7 72.40
2 8 55.03
2 9 32.98
2 10 66.96
2 11 60.38
3 4 65.02
3 5 10.12
3 6 45.53
3 7 18.03
3 8 49.98
3 9 92.39
3 10 48.87
3 11 80.08
4 5 73.34
4 6 65.42
4 7 35.37
4 8 92.06
4 9 19.28
4 10 19.93
4 11 98.50
5 6 47.77
5 7 15.56
5 8 45.65
5 9 98.95
5 10 87.74
5 11 48.15
6 7 43.38
6 8 47.89
6 9 95.21
6 10 72.81
6 11 81.93
7 8 67.61
7 9 27.85
7 10 14.91
7 11 34.57
8 9 91.75
8 10 83.45
8 11 48.21
9 10 37.28
9 11 10.00
10 11 6.71
#
1 2 38.20
1 3 62.39
1 4 81.79
1 5 20.06
1 6 27.81
1 7 25.68
1 8 12.12
1 9 42.10
1 10 40.61
1 11 10.62
2 3 84.87
2 4 59.69
2 5 59.80
2 6 92.34
2 7 55.96
2 8 16.47
2 9 35.72
2 10 12.37
2 11 11.68
3 4 17.05
3 5 89.30
3 6 74.29
3 7 39.90
3 8 99.21
3 9 17.39
3 10 40.17
3 11 91.19
4 5 69.12
4 6 72.46
4 7 96.19
4 8 70.84
4 9 19.18
4 10 58.59
4 11 61.15
5 6 34.24
5 7 89.92
5 8 90.36
5 9 41.36
5 10 32.02
5 11 30.97
6 7 55.51
6 8 25.41
6 9 94.19
6 10 23.83
6 11 17.75
7 8 50.15
7 9 35.30
7 10 56.99
7 11 57.52
8 9 50.51
8 10 69.05
8 11 46.83
9 10 33.32
9 11 17.47
10 11 54.56
#
