1 2 64.87
1 3 98.88
1 4 87.83
1 5 80.35
1 6 99.49
1 7 18.26
1 8 92.19
1 9 38.64
1 10 42.50
2 3 15.66
2 4 8.85
2 5 74.49
2 6 90.42
2 7 90.45
2 8 10.48
2 9 41.06
2 10 69.86
3 4 73.11
3 5 72.24
3 6 24.01
3 7 65.16
3 8 58.40
3 9 55.23
3 10 38.37
4 5 15.63
4 6 16.30
4 7 26.39
4 8 74.11
4 9 34.40
4 10 28.36
5 6 21.44
5 7 94.27
5 8 27.24
5 9 17.79
5 10 83.14
6 7 35.25
6 8 39.57
6 9 75.33
6 10 68.89
7 8 85.60
7 9 94.52
7 10 81.27
8 9 60.09
8 10 93.46
9 10 71.72
#
1 2 74.10
1 3 34.52
1 4 41.58
1 5 47.21
1 6 15.28
1 7 69.12
1 8 20.90
1 9 68.69
1 10 32.87
2 3 54.27
2 4 79.32
2 5 52.69
2 6 84.19
2 7 61.95
2 8 82.09
2 9 12.55
2 10 86.92
3 4 84.88
3 5 43.31
3 6 13.23
3 7 68.03
3 8 73.57
3 9 47.81
3 10 51.88
4 5 50.98
4 6 33.41
4 7 54.92
4 8 40.77
4 9 97.02
4 10 48.38
5 6 12.50
5 7 71.12
5 8 86.42
5 9 57.60
5 10 26.86
6 7 96.71
6 8 35.24
6 9 51.28
6 10 73.92
7 8 63.11
7 9 14.07
7 10 61.76
8 9 15.80
8 10 93.26
9 10 23.72
#
1 2 6.41
1 3 5.81
1 4 19.16
1 5 86.30
1 6 52.65
1 7 27.39
1 8 62.85
1 9 34.74
1 10 70.20
2 3 23.25
2 4 80.72
2 5 12.13
2 6 73.18
2 7 21.50
2 8 9.16
2 9 21.56
2 10 37.52
3 4 83.80
3 5 16.51
3 6 98.64
3 7 10.66
3 8 21.74
3 9 33.89
3 10 65.46
4 5 90.66
4 6 5.52
4 7 74.54
4 8 60.94
4 9 16.33
4 10 76.32
5 6 88.18
5 7 26.26
5 8 77.14
5 9 7.34
5 10 21.08
6 7 29.79
6 8 29.74
6 9 78.93
6 10 59.53
7 8 8.46
7 9 10.71
7 10 48.77
8 9 15.60
8 10 78.89
9 10 73.79
#
1 2 19.76
1 3 8.97
1 4 19.83
1 5 98.56
1 6 20.48
1 7 18.48
1 8 17.75
1 9 37.22
1 10 55.89
2 3 78.21
2 4 36.40
2 5 56.41
2 6 61.27
2 7 5.87
2 8 76.26
2 9 37.60
2 10 89.05
3 4 97.53
3 5 23.26
3 6 91.40
3 7 18.61
3 8 56.57
3 9 29.66
3 10 6.07
4 5 24.62
4 6 33.12
4 7 11.78
4 8 68.39
4 9 52.24
4 10 85.67
5 6 50.71
5 7 67.00
5 8 98.16
5 9 74.06
5 10 74.09
6 7 18.65
6 8 96.06
6 9 86.84
6 10 59.39
7 8 51.95
7 9 73.57
7 10 99.32
8 9 8.37
8 10 43.37
9 10 5.19
#
1 2 88.15
1 3 75.97
1 4 89.24
1 5 85.68
1 6 94.23
1 7 89.16
1 8 99.30
1 9 50.80
1 10 18.82
2 3 13.89
2 4 70.42
2 5 55.47
2 6 20.67
2 7 47.33
2 8 7.71
2 9 14.86
2 10 6.56
3 4 69.72
3 5 13.02
3 6 84.15
3 7 52.33
3 8 35.19
3 9 80.21
3 10 47.69
4 5 98.11
4 6 32.17
4 7 21.26
4 8 97.43
4 9 44.06
4 10 59.63
5 6 97.62
5 7 32.21
5 8 44.12
5 9 95.38
5 10 26.42
6 7 46.87
6 8 84.55
6 9 34.24
6 10 6.19
7 8 98.37
7 9 43.13
7 10 80.13
8 9 62.36
8 10 67.32
9 10 27.47
#
1 2 65.08
1 3 85.70
1 4 37.55
1 5 34.80
1 6 7.24
1 7 21.70
1 8 82.13
1 9 37.44
1 10 10.44
2 3 29.82
2 4 35.55
2 5 37.61
2 6 54.60
2 7 41.50
2 8 85.19
2 9 22.76
2 10 47.64
3 4 25.92
3 5 61.88
3 6 43.02
3 7 47.34
3 8 17.28
3 9 36.09
3 10 76.58
4 5 18.47
4 6 42.99
4 7 28.23
4 8 93.61
4 9 5.35
4 10 90.55
5 6 29.60
5 7 65.43
5 8 76.25
5 9 62.15
5 10 8.75
6 7 78.50
6 8 87.38
6 9 85.88
6 10 24.46
7 8 92.82
7 9 24.22
7 10 63.53
8 9 38.95
8 10 82.35
9 10 5.03
#
1 2 32.66
1 3 13.63
1 4 47.67
1 5 53.58
1 6 79.03
1 7 85.69
1 8 9.45
1 9 91.31
1 10 21.79
2 3 81.03
2 4 9.79
2 5 68.30
2 6 17.79
2 7 98.40
2 8 68.65
2 9 8.34
2 10 28.00
3 4 34.09
3 5 88.12
3 6 93.67
3 7 37.84
3 8 75.14
3 9 89.57
3 10 32.25
4 5 94.60
4 6 82.39
4 7 59.99
4 8 58.13
4 9 29.86
4 10 42.34
5 6 58.16
5 7 57.52
5 8 50.97
5 9 14.35
5 10 19.63
6 7 30.01
6 8 8.56
6 9 24.08
6 10 21.32
7 8 33.87
7 9 13.63
7 10 34.63
8 9 97.17
8 10 26.42
9 10 41.55
#
1 2 65.83
1 3 38.29
1 4 73.07
1 5 94.92
1 6 26.41
1 7 66.75
1 8 41.28
1 9 10.07
1 10 56.32
2 3 68.53
2 4 99.67
2 5 47.24
2 6 28.53
2 7 66.32
2 8 72.10
2 9 74.39
2 10 33.00
3 4 38.15
3 5 33.89
3 6 42.35
3 7 52.78
3 8 58.90
3 9 45.91
3 10 80.38
4 5 83.74
4 6 74.79
4 7 89.01
4 8 26.90
4 9 71.96
4 10 23.96
5 6 63.45
5 7 46.31
5 8 57.25
5 9 36.53
5 10 49.75
6 7 87.18
6 8 11.80
6 9 86.04
6 10 92.25
7 8 71.64
7 9 63.09
7 10 5.44
8 9 18.88
8 10 86.62
9 10 66.76
#
1 2 94.51
1 3 69.54
1 4 8.28
1 5 41.18
1 6 98.43
1 7 54.15
1 8 97.48
1 9 65.85
1 10 95.06
2 3 77.86
2 4 58.11
2 5 78.37
2 6 66.87
2 7 80.01
2 8 58.86
2 9 94.35
2 10 43.47
3 4 5.17
3 5 51.60
3 6 83.52
3 7 58.45
3 8 47.30
3 9 90.32
3 10 44.49
4 5 39.55
4 6 61.96
4 7 7.58
4 8 48.51
4 9 84.37
4 10 97.73
5 6 23.79
5 7 87.40
5 8 67.27
5 9 27.07
5 10 37.10
6 7 74.22
6 8 76.22
6 9 34.58
6 10 40.07
7 8 79.81
7 9 12.44
7 10 93.18
8 9 66.70
8 10 82.83
9 10 81.72
#
1 2 25.56
1 3 77.19
1 4 33.71
1 5 34.26
1 6 37.31
1 7 17.23
1 8 87.71
1 9 79.62
1 10 16.07
2 3 40.72
2 4 27.69
2 5 81.55
2 6 43.30
2 7 71.21
2 8 74.44
2 9 49.55
2 10 90.00
3 4 70.36
3 5 25.34
3 6 25.60
3 7 7.46
3 8 94.56
3 9 96.82
3 10 37.04
4 5 43.15
4 6 85.15
4 7 44.48
4 8 44.86
4 9 51.86
4 10 35.84
5 6 26.58
5 7 72.42
5 8 13.03
5 9 55.29
5 10 15.20
6 7 45.34
6 8 76.04
6 9 11.43
6 10 33.48
7 8 95.63
7 9 47.15
7 10 56.18
8 9 77.18
8 10 93.98
9 10 35.91
#
