1 2 64.87
1 3 98.88
1 4 87.83
1 5 80.35
1 6 99.49
1 7 18.26
1 8 92.19
1 9 38.64
2 3 42.50
2 4 15.66
2 5 8.85
2 6 74.49
2 7 90.42
2 8 90.45
2 9 10.48
3 4 41.06
3 5 69.86
3 6 73.11
3 7 72.24
3 8 24.01
3 9 65.16
4 5 58.40
4 6 55.23
4 7 38.37
4 8 15.63
4 9 16.30
5 6 26.39
5 7 74.11
5 8 34.40
5 9 28.36
6 7 21.44
6 8 94.27
6 9 27.24
7 8 17.79
7 9 83.14
8 9 35.25
#
1 2 39.57
1 3 75.33
1 4 68.89
1 5 85.60
1 6 94.52
1 7 81.27
1 8 60.09
1 9 93.46
2 3 71.72
2 4 74.10
2 5 34.52
2 6 41.58
2 7 47.21
2 8 15.28
2 9 69.12
3 4 20.90
3 5 68.69
3 6 32.87
3 7 54.27
3 8 79.32
3 9 52.69
4 5 84.19
4 6 61.95
4 7 82.09
4 8 12.55
4 9 86.92
5 6 84.88
5 7 43.31
5 8 13.23
5 9 68.03
6 7 73.57
6 8 47.81
6 9 51.88
7 8 50.98
7 9 33.41
8 9 54.92
#
1 2 40.77
1 3 97.02
1 4 48.38
1 5 12.50
1 6 71.12
1 7 86.42
1 8 57.60
1 9 26.86
2 3 96.71
2 4 35.24
2 5 51.28
2 6 73.92
2 7 63.11
2 8 14.07
2 9 61.76
3 4 15.80
3 5 93.26
3 6 23.72
3 7 6.41
3 8 5.81
3 9 19.16
4 5 86.30
4 6 52.65
4 7 27.39
4 8 62.85
4 9 34.74
5 6 70.20
5 7 23.25
5 8 80.72
5 9 12.13
6 7 73.18
6 8 21.50
6 9 9.16
7 8 21.56
7 9 37.52
8 9 83.80
#
1 2 16.51
1 3 98.64
1 4 10.66
1 5 21.74
1 6 33.89
1 7 65.46
1 8 90.66
1 9 5.52
2 3 74.54
2 4 60.94
2 5 16.33
2 6 76.32
2 7 88.18
2 8 26.26
2 9 77.14
3 4 7.34
3 5 21.08
3 6 29.79
3 7 29.74
3 8 78.93
3 9 59.53
4 5 8.46
4 6 10.71
4 7 48.77
4 8 15.60
4 9 78.89
5 6 73.79
5 7 19.76
5 8 8.97
5 9 19.83
6 7 98.56
6 8 20.48
6 9 18.48
7 8 17.75
7 9 37.22
8 9 55.89
#
1 2 78.21
1 3 36.40
1 4 56.41
1 5 61.27
1 6 5.87
1 7 76.26
1 8 37.60
1 9 89.05
2 3 97.53
2 4 23.26
2 5 91.40
2 6 18.61
2 7 56.57
2 8 29.66
2 9 6.07
3 4 24.62
3 5 33.12
3 6 11.78
3 7 68.39
3 8 52.24
3 9 85.67
4 5 50.71
4 6 67.00
4 7 98.16
4 8 74.06
4 9 74.09
5 6 18.65
5 7 96.06
5 8 86.84
5 9 59.39
6 7 51.95
6 8 73.57
6 9 99.32
7 8 8.37
7 9 43.37
8 9 5.19
#
1 2 88.15
1 3 75.97
1 4 89.24
1 5 85.68
1 6 94.23
1 7 89.16
1 8 99.30
1 9 50.80
2 3 18.82
2 4 13.89
2 5 70.42
2 6 55.47
2 7 20.67
2 8 47.33
2 9 7.71
3 4 14.86
3 5 6.56
3 6 69.72
3 7 13.02
3 8 84.15
3 9 52.33
4 5 35.19
4 6 80.21
4 7 47.69
4 8 98.11
4 9 32.17
5 6 21.26
5 7 97.43
5 8 44.06
5 9 59.63
6 7 97.62
6 8 32.21
6 9 44.12
7 8 95.38
7 9 26.42
8 9 46.87
#
1 2 84.55
1 3 34.24
1 4 6.19
1 5 98.37
1 6 43.13
1 7 80.13
1 8 62.36
1 9 67.32
2 3 27.47
2 4 65.08
2 5 85.70
2 6 37.55
2 7 34.80
2 8 7.24
2 9 21.70
3 4 82.13
3 5 37.44
3 6 10.44
3 7 29.82
3 8 35.55
3 9 37.61
4 5 54.60
4 6 41.50
4 7 85.19
4 8 22.76
4 9 47.64
5 6 25.92
5 7 61.88
5 8 43.02
5 9 47.34
6 7 17.28
6 8 36.09
6 9 76.58
7 8 18.47
7 9 42.99
8 9 28.23
#
1 2 93.61
1 3 5.35
1 4 90.55
1 5 29.60
1 6 65.43
1 7 76.25
1 8 62.15
1 9 8.75
2 3 78.50
2 4 87.38
2 5 85.88
2 6 24.46
2 7 92.82
2 8 24.22
2 9 63.53
3 4 38.95
3 5 82.35
3 6 5.03
3 7 32.66
3 8 13.63
3 9 47.67
4 5 53.58
4 6 79.03
4 7 85.69
4 8 9.45
4 9 91.31
5 6 21.79
5 7 81.03
5 8 9.79
5 9 68.30
6 7 17.79
6 8 98.40
6 9 68.65
7 8 8.34
7 9 28.00
8 9 34.09
#
1 2 88.12
1 3 93.67
1 4 37.84
1 5 75.14
1 6 89.57
1 7 32.25
1 8 94.60
1 9 82.39
2 3 59.99
2 4 58.13
2 5 29.86
2 6 42.34
2 7 58.16
2 8 57.52
2 9 50.97
3 4 14.35
3 5 19.63
3 6 30.01
3 7 8.56
3 8 24.08
3 9 21.32
4 5 33.87
4 6 13.63
4 7 34.63
4 8 97.17
4 9 26.42
5 6 41.55
5 7 65.83
5 8 38.29
5 9 73.07
6 7 94.92
6 8 26.41
6 9 66.75
7 8 41.28
7 9 10.07
8 9 56.32
#
1 2 68.53
1 3 99.67
1 4 47.24
1 5 28.53
1 6 66.32
1 7 72.10
1 8 74.39
1 9 33.00
2 3 38.15
2 4 33.89
2 5 42.35
2 6 52.78
2 7 58.90
2 8 45.91
2 9 80.38
3 4 83.74
3 5 74.79
3 6 89.01
3 7 26.90
3 8 71.96
3 9 23.96
4 5 63.45
4 6 46.31
4 7 57.25
4 8 36.53
4 9 49.75
5 6 87.18
5 7 11.80
5 8 86.04
5 9 92.25
6 7 71.64
6 8 63.09
6 9 5.44
7 8 18.88
7 9 86.62
8 9 66.76
#
