1 2 64.87
1 3 98.88
1 4 87.83
1 5 80.35
1 6 99.49
2 3 18.26
2 4 92.19
2 5 38.64
2 6 42.50
3 4 15.66
3 5 8.85
3 6 74.49
4 5 90.42
4 6 90.45
5 6 10.48
#
1 2 41.06
1 3 69.86
1 4 73.11
1 5 72.24
1 6 24.01
2 3 65.16
2 4 58.40
2 5 55.23
2 6 38.37
3 4 15.63
3 5 16.30
3 6 26.39
4 5 74.11
4 6 34.40
5 6 28.36
#
1 2 21.44
1 3 94.27
1 4 27.24
1 5 17.79
1 6 83.14
2 3 35.25
2 4 39.57
2 5 75.33
2 6 68.89
3 4 85.60
3 5 94.52
3 6 81.27
4 5 60.09
4 6 93.46
5 6 71.72
#
1 2 74.10
1 3 34.52
1 4 41.58
1 5 47.21
1 6 15.28
2 3 69.12
2 4 20.90
2 5 68.69
2 6 32.87
3 4 54.27
3 5 79.32
3 6 52.69
4 5 84.19
4 6 61.95
5 6 82.09
#
1 2 12.55
1 3 86.92
1 4 84.88
1 5 43.31
1 6 13.23
2 3 68.03
2 4 73.57
2 5 47.81
2 6 51.88
3 4 50.98
3 5 33.41
3 6 54.92
4 5 40.77
4 6 97.02
5 6 48.38
#
1 2 12.50
1 3 71.12
1 4 86.42
1 5 57.60
1 6 26.86
2 3 96.71
2 4 35.24
2 5 51.28
2 6 73.92
3 4 63.11
3 5 14.07
3 6 61.76
4 5 15.80
4 6 93.26
5 6 23.72
#
1 2 6.41
1 3 5.81
1 4 19.16
1 5 86.30
1 6 52.65
2 3 27.39
2 4 62.85
2 5 34.74
2 6 70.20
3 4 23.25
3 5 80.72
3 6 12.13
4 5 73.18
4 6 21.50
5 6 9.16
#
1 2 21.56
1 3 37.52
1 4 83.80
1 5 16.51
1 6 98.64
2 3 10.66
2 4 21.74
2 5 33.89
2 6 65.46
3 4 90.66
3 5 5.52
3 6 74.54
4 5 60.94
4 6 16.33
5 6 76.32
#
1 2 88.18
1 3 26.26
1 4 77.14
1 5 7.34
1 6 21.08
2 3 29.79
2 4 29.74
2 5 78.93
2 6 59.53
3 4 8.46
3 5 10.71
3 6 48.77
4 5 15.60
4 6 78.89
5 6 73.79
#
1 2 19.76
1 3 8.97
1 4 19.83
1 5 98.56
1 6 20.48
2 3 18.48
2 4 17.75
2 5 37.22
2 6 55.89
3 4 78.21
3 5 36.40
3 6 56.41
4 5 61.27
4 6 5.87
5 6 76.26
#
