1 2 64.87
1 3 98.88
1 4 87.83
1 5 80.35
1 6 99.49
1 7 18.26
1 8 92.19
2 3 38.64
2 4 42.50
2 5 15.66
2 6 8.85
2 7 74.49
2 8 90.42
3 4 90.45
3 5 10.48
3 6 41.06
3 7 69.86
3 8 73.11
4 5 72.24
4 6 24.01
4 7 65.16
4 8 58.40
5 6 55.23
5 7 38.37
5 8 15.63
6 7 16.30
6 8 26.39
7 8 74.11
#
1 2 34.40
1 3 28.36
1 4 21.44
1 5 94.27
1 6 27.24
1 7 17.79
1 8 83.14
2 3 35.25
2 4 39.57
2 5 75.33
2 6 68.89
2 7 85.60
2 8 94.52
3 4 81.27
3 5 60.09
3 6 93.46
3 7 71.72
3 8 74.10
4 5 34.52
4 6 41.58
4 7 47.21
4 8 15.28
5 6 69.12
5 7 20.90
5 8 68.69
6 7 32.87
6 8 54.27
7 8 79.32
#
1 2 52.69
1 3 84.19
1 4 61.95
1 5 82.09
1 6 12.55
1 7 86.92
1 8 84.88
2 3 43.31
2 4 13.23
2 5 68.03
2 6 73.57
2 7 47.81
2 8 51.88
3 4 50.98
3 5 33.41
3 6 54.92
3 7 40.77
3 8 97.02
4 5 48.38
4 6 12.50
4 7 71.12
4 8 86.42
5 6 57.60
5 7 26.86
5 8 96.71
6 7 35.24
6 8 51.28
7 8 73.92
#
1 2 63.11
1 3 14.07
1 4 61.76
1 5 15.80
1 6 93.26
1 7 23.72
1 8 6.41
2 3 5.81
2 4 19.16
2 5 86.30
2 6 52.65
2 7 27.39
2 8 62.85
3 4 34.74
3 5 70.20
3 6 23.25
3 7 80.72
3 8 12.13
4 5 73.18
4 6 21.50
4 7 9.16
4 8 21.56
5 6 37.52
5 7 83.80
5 8 16.51
6 7 98.64
6 8 10.66
7 8 21.74
#
1 2 33.89
1 3 65.46
1 4 90.66
1 5 5.52
1 6 74.54
1 7 60.94
1 8 16.33
2 3 76.32
2 4 88.18
2 5 26.26
2 6 77.14
2 7 7.34
2 8 21.08
3 4 29.79
3 5 29.74
3 6 78.93
3 7 59.53
3 8 8.46
4 5 10.71
4 6 48.77
4 7 15.60
4 8 78.89
5 6 73.79
5 7 19.76
5 8 8.97
6 7 19.83
6 8 98.56
7 8 20.48
#
1 2 18.48
1 3 17.75
1 4 37.22
1 5 55.89
1 6 78.21
1 7 36.40
1 8 56.41
2 3 61.27
2 4 5.87
2 5 76.26
2 6 37.60
2 7 89.05
2 8 97.53
3 4 23.26
3 5 91.40
3 6 18.61
3 7 56.57
3 8 29.66
4 5 6.07
4 6 24.62
4 7 33.12
4 8 11.78
5 6 68.39
5 7 52.24
5 8 85.67
6 7 50.71
6 8 67.00
7 8 98.16
#
1 2 74.06
1 3 74.09
1 4 18.65
1 5 96.06
1 6 86.84
1 7 59.39
1 8 51.95
2 3 73.57
2 4 99.32
2 5 8.37
2 6 43.37
2 7 5.19
2 8 88.15
3 4 75.97
3 5 89.24
3 6 85.68
3 7 94.23
3 8 89.16
4 5 99.30
4 6 50.80
4 7 18.82
4 8 13.89
5 6 70.42
5 7 55.47
5 8 20.67
6 7 47.33
6 8 7.71
7 8 14.86
#
1 2 6.56
1 3 69.72
1 4 13.02
1 5 84.15
1 6 52.33
1 7 35.19
1 8 80.21
2 3 47.69
2 4 98.11
2 5 32.17
2 6 21.26
2 7 97.43
2 8 44.06
3 4 59.63
3 5 97.62
3 6 32.21
3 7 44.12
3 8 95.38
4 5 26.42
4 6 46.87
4 7 84.55
4 8 34.24
5 6 6.19
5 7 98.37
5 8 43.13
6 7 80.13
6 8 62.36
7 8 67.32
#
1 2 27.47
1 3 65.08
1 4 85.70
1 5 37.55
1 6 34.80
1 7 7.24
1 8 21.70
2 3 82.13
2 4 37.44
2 5 10.44
2 6 29.82
2 7 35.55
2 8 37.61
3 4 54.60
3 5 41.50
3 6 85.19
3 7 22.76
3 8 47.64
4 5 25.92
4 6 61.88
4 7 43.02
4 8 47.34
5 6 17.28
5 7 36.09
5 8 76.58
6 7 18.47
6 8 42.99
7 8 28.23
#
1 2 93.61
1 3 5.35
1 4 90.55
1 5 29.60
1 6 65.43
1 7 76.25
1 8 62.15
2 3 8.75
2 4 78.50
2 5 87.38
2 6 85.88
2 7 24.46
2 8 92.82
3 4 24.22
3 5 63.53
3 6 38.95
3 7 82.35
3 8 5.03
4 5 32.66
4 6 13.63
4 7 47.67
4 8 53.58
5 6 79.03
5 7 85.69
5 8 9.45
6 7 91.31
6 8 21.79
7 8 81.03
#
