1 2 64.87
1 3 98.88
1 4 87.83
1 5 80.35
2 3 99.49
2 4 18.26
2 5 92.19
3 4 38.64
3 5 42.50
4 5 15.66
#
1 2 8.85
1 3 74.49
1 4 90.42
1 5 90.45
2 3 10.48
2 4 41.06
2 5 69.86
3 4 73.11
3 5 72.24
4 5 24.01
#
1 2 65.16
1 3 58.40
1 4 55.23
1 5 38.37
2 3 15.63
2 4 16.30
2 5 26.39
3 4 74.11
3 5 34.40
4 5 28.36
#
1 2 21.44
1 3 94.27
1 4 27.24
1 5 17.79
2 3 83.14
2 4 35.25
2 5 39.57
3 4 75.33
3 5 68.89
4 5 85.60
#
1 2 94.52
1 3 81.27
1 4 60.09
1 5 93.46
2 3 71.72
2 4 74.10
2 5 34.52
3 4 41.58
3 5 47.21
4 5 15.28
#
1 2 69.12
1 3 20.90
1 4 68.69
1 5 32.87
2 3 54.27
2 4 79.32
2 5 52.69
3 4 84.19
3 5 61.95
4 5 82.09
#
1 2 12.55
1 3 86.92
1 4 84.88
1 5 43.31
2 3 13.23
2 4 68.03
2 5 73.57
3 4 47.81
3 5 51.88
4 5 50.98
#
1 2 33.41
1 3 54.92
1 4 40.77
1 5 97.02
2 3 48.38
2 4 12.50
2 5 71.12
3 4 86.42
3 5 57.60
4 5 26.86
#
1 2 96.71
1 3 35.24
1 4 51.28
1 5 73.92
2 3 63.11
2 4 14.07
2 5 61.76
3 4 15.80
3 5 93.26
4 5 23.72
#
1 2 6.41
1 3 5.81
1 4 19.16
1 5 86.30
2 3 52.65
2 4 27.39
2 5 62.85
3 4 34.74
3 5 70.20
4 5 23.25
#
