1 2 64.87
1 3 98.88
1 4 87.83
2 3 80.35
2 4 99.49
3 4 18.26
#
1 2 92.19
1 3 38.64
1 4 42.50
2 3 15.66
2 4 8.85
3 4 74.49
#
1 2 90.42
1 3 90.45
1 4 10.48
2 3 41.06
2 4 69.86
3 4 73.11
#
1 2 72.24
1 3 24.01
1 4 65.16
2 3 58.40
2 4 55.23
3 4 38.37
#
1 2 15.63
1 3 16.30
1 4 26.39
2 3 74.11
2 4 34.40
3 4 28.36
#
1 2 21.44
1 3 94.27
1 4 27.24
2 3 17.79
2 4 83.14
3 4 35.25
#
1 2 39.57
1 3 75.33
1 4 68.89
2 3 85.60
2 4 94.52
3 4 81.27
#
1 2 60.09
1 3 93.46
1 4 71.72
2 3 74.10
2 4 34.52
3 4 41.58
#
1 2 47.21
1 3 15.28
1 4 69.12
2 3 20.90
2 4 68.69
3 4 32.87
#
1 2 54.27
1 3 79.32
1 4 52.69
2 3 84.19
2 4 61.95
3 4 82.09
#
