1 2 64.87
1 3 98.88
1 4 87.83
1 5 80.35
1 6 99.49
1 7 18.26
2 3 92.19
2 4 38.64
2 5 42.50
2 6 15.66
2 7 8.85
3 4 74.49
3 5 90.42
3 6 90.45
3 7 10.48
4 5 41.06
4 6 69.86
4 7 73.11
5 6 72.24
5 7 24.01
6 7 65.16
#
1 2 58.40
1 3 55.23
1 4 38.37
1 5 15.63
1 6 16.30
1 7 26.39
2 3 74.11
2 4 34.40
2 5 28.36
2 6 21.44
2 7 94.27
3 4 27.24
3 5 17.79
3 6 83.14
3 7 35.25
4 5 39.57
4 6 75.33
4 7 68.89
5 6 85.60
5 7 94.52
6 7 81.27
#
1 2 60.09
1 3 93.46
1 4 71.72
1 5 74.10
1 6 34.52
1 7 41.58
2 3 47.21
2 4 15.28
2 5 69.12
2 6 20.90
2 7 68.69
3 4 32.87
3 5 54.27
3 6 79.32
3 7 52.69
4 5 84.19
4 6 61.95
4 7 82.09
5 6 12.55
5 7 86.92
6 7 84.88
#
1 2 43.31
1 3 13.23
1 4 68.03
1 5 73.57
1 6 47.81
1 7 51.88
2 3 50.98
2 4 33.41
2 5 54.92
2 6 40.77
2 7 97.02
3 4 48.38
3 5 12.50
3 6 71.12
3 7 86.42
4 5 57.60
4 6 26.86
4 7 96.71
5 6 35.24
5 7 51.28
6 7 73.92
#
1 2 63.11
1 3 14.07
1 4 61.76
1 5 15.80
1 6 93.26
1 7 23.72
2 3 6.41
2 4 5.81
2 5 19.16
2 6 86.30
2 7 52.65
3 4 27.39
3 5 62.85
3 6 34.74
3 7 70.20
4 5 23.25
4 6 80.72
4 7 12.13
5 6 73.18
5 7 21.50
6 7 9.16
#
1 2 21.56
1 3 37.52
1 4 83.80
1 5 16.51
1 6 98.64
1 7 10.66
2 3 21.74
2 4 33.89
2 5 65.46
2 6 90.66
2 7 5.52
3 4 74.54
3 5 60.94
3 6 16.33
3 7 76.32
4 5 88.18
4 6 26.26
4 7 77.14
5 6 7.34
5 7 21.08
6 7 29.79
#
1 2 29.74
1 3 78.93
1 4 59.53
1 5 8.46
1 6 10.71
1 7 48.77
2 3 15.60
2 4 78.89
2 5 73.79
2 6 19.76
2 7 8.97
3 4 19.83
3 5 98.56
3 6 20.48
3 7 18.48
4 5 17.75
4 6 37.22
4 7 55.89
5 6 78.21
5 7 36.40
6 7 56.41
#
1 2 61.27
1 3 5.87
1 4 76.26
1 5 37.60
1 6 89.05
1 7 97.53
2 3 23.26
2 4 91.40
2 5 18.61
2 6 56.57
2 7 29.66
3 4 6.07
3 5 24.62
3 6 33.12
3 7 11.78
4 5 68.39
4 6 52.24
4 7 85.67
5 6 50.71
5 7 67.00
6 7 98.16
#
1 2 74.06
1 3 74.09
1 4 18.65
1 5 96.06
1 6 86.84
1 7 59.39
2 3 51.95
2 4 73.57
2 5 99.32
2 6 8.37
2 7 43.37
3 4 5.19
3 5 88.15
3 6 75.97
3 7 89.24
4 5 85.68
4 6 94.23
4 7 89.16
5 6 99.30
5 7 50.80
6 7 18.82
#
1 2 13.89
1 3 70.42
1 4 55.47
1 5 20.67
1 6 47.33
1 7 7.71
2 3 14.86
2 4 6.56
2 5 69.72
2 6 13.02
2 7 84.15
3 4 52.33
3 5 35.19
3 6 80.21
3 7 47.69
4 5 98.11
4 6 32.17
4 7 21.26
5 6 97.43
5 7 44.06
6 7 59.63
#
